"tick","run","Human Count","Zombie Count"
1.0,1,198,7
2.0,1,197,8
3.0,1,197,8
4.0,1,197,8
5.0,1,196,9
6.0,1,196,9
7.0,1,195,10
8.0,1,194,11
9.0,1,193,12
10.0,1,193,12
11.0,1,193,12
12.0,1,192,13
13.0,1,191,14
14.0,1,190,15
15.0,1,189,16
16.0,1,189,16
17.0,1,189,16
18.0,1,189,16
19.0,1,189,16
20.0,1,188,17
21.0,1,188,17
22.0,1,188,17
23.0,1,187,18
24.0,1,187,18
25.0,1,187,18
26.0,1,187,18
27.0,1,187,18
28.0,1,187,18
29.0,1,186,19
30.0,1,185,20
31.0,1,184,21
32.0,1,184,21
33.0,1,184,21
34.0,1,184,21
35.0,1,184,21
36.0,1,183,22
37.0,1,183,22
38.0,1,183,22
39.0,1,183,22
40.0,1,182,23
41.0,1,182,23
42.0,1,182,23
43.0,1,181,24
44.0,1,180,25
45.0,1,180,25
46.0,1,180,25
47.0,1,180,25
48.0,1,180,25
49.0,1,180,25
50.0,1,180,25
51.0,1,179,26
52.0,1,179,26
53.0,1,178,27
54.0,1,177,28
55.0,1,177,28
56.0,1,176,29
57.0,1,176,29
58.0,1,176,29
59.0,1,175,30
60.0,1,175,30
61.0,1,175,30
62.0,1,175,30
63.0,1,174,31
64.0,1,174,31
65.0,1,174,31
66.0,1,173,32
67.0,1,172,33
68.0,1,171,34
69.0,1,171,34
70.0,1,169,36
71.0,1,169,36
72.0,1,167,38
73.0,1,166,39
74.0,1,165,40
75.0,1,164,41
76.0,1,163,42
77.0,1,162,43
78.0,1,161,44
79.0,1,160,45
80.0,1,160,45
81.0,1,159,46
82.0,1,157,48
83.0,1,156,49
84.0,1,154,51
85.0,1,152,53
86.0,1,151,54
87.0,1,150,55
88.0,1,148,57
89.0,1,146,59
90.0,1,146,59
91.0,1,144,61
92.0,1,143,62
93.0,1,139,66
94.0,1,135,70
95.0,1,135,70
96.0,1,133,72
97.0,1,130,75
98.0,1,129,76
99.0,1,127,78
100.0,1,127,78
101.0,1,127,78
102.0,1,124,81
103.0,1,123,82
104.0,1,118,87
105.0,1,116,89
106.0,1,114,91
107.0,1,114,91
108.0,1,113,92
109.0,1,112,93
110.0,1,109,96
111.0,1,108,97
112.0,1,104,101
113.0,1,102,103
114.0,1,98,107
115.0,1,94,111
116.0,1,92,113
117.0,1,91,114
118.0,1,90,115
119.0,1,89,116
120.0,1,87,118
121.0,1,85,120
122.0,1,81,124
123.0,1,80,125
124.0,1,79,126
125.0,1,79,126
126.0,1,76,129
127.0,1,76,129
128.0,1,76,129
129.0,1,76,129
130.0,1,74,131
131.0,1,71,134
132.0,1,71,134
133.0,1,70,135
134.0,1,68,137
135.0,1,68,137
136.0,1,66,139
137.0,1,66,139
138.0,1,65,140
139.0,1,64,141
140.0,1,63,142
141.0,1,62,143
142.0,1,60,145
143.0,1,60,145
144.0,1,58,147
145.0,1,53,152
146.0,1,51,154
147.0,1,47,158
148.0,1,44,161
149.0,1,43,162
150.0,1,42,163
151.0,1,40,165
152.0,1,39,166
153.0,1,39,166
154.0,1,39,166
155.0,1,38,167
156.0,1,36,169
157.0,1,30,175
158.0,1,30,175
159.0,1,29,176
160.0,1,26,179
161.0,1,25,180
162.0,1,24,181
163.0,1,23,182
164.0,1,21,184
165.0,1,20,185
166.0,1,20,185
167.0,1,20,185
168.0,1,20,185
169.0,1,19,186
170.0,1,19,186
171.0,1,19,186
172.0,1,17,188
173.0,1,15,190
174.0,1,14,191
175.0,1,14,191
176.0,1,13,192
177.0,1,13,192
178.0,1,13,192
179.0,1,12,193
180.0,1,12,193
181.0,1,11,194
182.0,1,11,194
183.0,1,11,194
184.0,1,11,194
185.0,1,10,195
186.0,1,10,195
187.0,1,10,195
188.0,1,10,195
189.0,1,9,196
190.0,1,9,196
191.0,1,9,196
192.0,1,8,197
193.0,1,8,197
194.0,1,7,198
195.0,1,7,198
196.0,1,7,198
197.0,1,6,199
198.0,1,4,201
199.0,1,3,202
200.0,1,3,202
201.0,1,3,202
202.0,1,3,202
203.0,1,3,202
204.0,1,3,202
205.0,1,3,202
206.0,1,3,202
207.0,1,3,202
208.0,1,3,202
209.0,1,3,202
210.0,1,3,202
211.0,1,3,202
212.0,1,3,202
213.0,1,3,202
214.0,1,3,202
215.0,1,3,202
216.0,1,3,202
217.0,1,3,202
218.0,1,3,202
219.0,1,3,202
220.0,1,3,202
221.0,1,3,202
222.0,1,3,202
223.0,1,2,203
224.0,1,2,203
225.0,1,2,203
226.0,1,2,203
227.0,1,2,203
228.0,1,2,203
229.0,1,2,203
230.0,1,2,203
231.0,1,2,203
232.0,1,2,203
233.0,1,2,203
234.0,1,2,203
235.0,1,2,203
236.0,1,2,203
237.0,1,2,203
238.0,1,2,203
239.0,1,2,203
240.0,1,2,203
241.0,1,2,203
242.0,1,2,203
243.0,1,2,203
244.0,1,2,203
245.0,1,2,203
246.0,1,2,203
247.0,1,2,203
248.0,1,2,203
249.0,1,2,203
250.0,1,2,203
251.0,1,2,203
252.0,1,2,203
253.0,1,2,203
254.0,1,2,203
255.0,1,1,204
256.0,1,1,204
257.0,1,1,204
258.0,1,1,204
259.0,1,1,204
260.0,1,1,204
261.0,1,1,204
262.0,1,1,204
263.0,1,1,204
264.0,1,1,204
265.0,1,1,204
266.0,1,1,204
267.0,1,1,204
268.0,1,1,204
269.0,1,1,204
270.0,1,1,204
271.0,1,1,204
272.0,1,1,204
273.0,1,1,204
274.0,1,1,204
275.0,1,1,204
276.0,1,1,204
277.0,1,1,204
278.0,1,1,204
279.0,1,1,204
280.0,1,1,204
281.0,1,1,204
282.0,1,1,204
283.0,1,1,204
284.0,1,1,204
285.0,1,1,204
286.0,1,1,204
287.0,1,1,204
288.0,1,1,204
289.0,1,1,204
290.0,1,1,204
291.0,1,1,204
292.0,1,1,204
293.0,1,1,204
294.0,1,1,204
295.0,1,1,204
296.0,1,1,204
297.0,1,1,204
298.0,1,1,204
299.0,1,1,204
300.0,1,1,204
301.0,1,1,204
302.0,1,1,204
303.0,1,1,204
304.0,1,1,204
305.0,1,1,204
306.0,1,1,204
307.0,1,1,204
308.0,1,1,204
309.0,1,1,204
310.0,1,1,204
311.0,1,1,204
312.0,1,1,204
313.0,1,1,204
314.0,1,1,204
315.0,1,1,204
316.0,1,1,204
317.0,1,1,204
318.0,1,1,204
319.0,1,1,204
320.0,1,1,204
321.0,1,0,205
322.0,1,0,205
323.0,1,0,205
324.0,1,0,205
325.0,1,0,205
326.0,1,0,205
327.0,1,0,205
328.0,1,0,205
329.0,1,0,205
330.0,1,0,205
331.0,1,0,205
332.0,1,0,205
333.0,1,0,205
334.0,1,0,205
335.0,1,0,205
336.0,1,0,205
337.0,1,0,205
338.0,1,0,205
339.0,1,0,205
340.0,1,0,205
341.0,1,0,205
342.0,1,0,205
343.0,1,0,205
344.0,1,0,205
345.0,1,0,205
346.0,1,0,205
347.0,1,0,205
348.0,1,0,205
349.0,1,0,205
350.0,1,0,205
351.0,1,0,205
352.0,1,0,205
353.0,1,0,205
354.0,1,0,205
355.0,1,0,205
356.0,1,0,205
357.0,1,0,205
358.0,1,0,205
359.0,1,0,205
360.0,1,0,205
361.0,1,0,205
362.0,1,0,205
363.0,1,0,205
364.0,1,0,205
365.0,1,0,205
366.0,1,0,205
367.0,1,0,205
368.0,1,0,205
369.0,1,0,205
370.0,1,0,205
371.0,1,0,205
372.0,1,0,205
373.0,1,0,205
374.0,1,0,205
375.0,1,0,205
376.0,1,0,205
377.0,1,0,205
378.0,1,0,205
379.0,1,0,205
380.0,1,0,205
381.0,1,0,205
382.0,1,0,205
383.0,1,0,205
384.0,1,0,205
385.0,1,0,205
386.0,1,0,205
387.0,1,0,205
388.0,1,0,205
389.0,1,0,205
390.0,1,0,205
391.0,1,0,205
392.0,1,0,205
393.0,1,0,205
394.0,1,0,205
395.0,1,0,205
396.0,1,0,205
397.0,1,0,205
398.0,1,0,205
399.0,1,0,205
400.0,1,0,205
401.0,1,0,205
402.0,1,0,205
403.0,1,0,205
404.0,1,0,205
405.0,1,0,205
406.0,1,0,205
407.0,1,0,205
408.0,1,0,205
409.0,1,0,205
410.0,1,0,205
411.0,1,0,205
412.0,1,0,205
413.0,1,0,205
414.0,1,0,205
415.0,1,0,205
416.0,1,0,205
417.0,1,0,205
418.0,1,0,205
419.0,1,0,205
420.0,1,0,205
421.0,1,0,205
422.0,1,0,205
423.0,1,0,205
424.0,1,0,205
425.0,1,0,205
426.0,1,0,205
427.0,1,0,205
428.0,1,0,205
429.0,1,0,205
430.0,1,0,205
431.0,1,0,205
432.0,1,0,205
433.0,1,0,205
434.0,1,0,205
435.0,1,0,205
436.0,1,0,205
437.0,1,0,205
438.0,1,0,205
439.0,1,0,205
440.0,1,0,205
441.0,1,0,205
442.0,1,0,205
443.0,1,0,205
444.0,1,0,205
445.0,1,0,205
446.0,1,0,205
447.0,1,0,205
448.0,1,0,205
449.0,1,0,205
450.0,1,0,205
451.0,1,0,205
452.0,1,0,205
453.0,1,0,205
454.0,1,0,205
455.0,1,0,205
456.0,1,0,205
457.0,1,0,205
458.0,1,0,205
459.0,1,0,205
460.0,1,0,205
461.0,1,0,205
462.0,1,0,205
463.0,1,0,205
464.0,1,0,205
465.0,1,0,205
466.0,1,0,205
467.0,1,0,205
468.0,1,0,205
469.0,1,0,205
470.0,1,0,205
471.0,1,0,205
472.0,1,0,205
473.0,1,0,205
474.0,1,0,205
475.0,1,0,205
476.0,1,0,205
477.0,1,0,205
478.0,1,0,205
479.0,1,0,205
480.0,1,0,205
481.0,1,0,205
482.0,1,0,205
483.0,1,0,205
484.0,1,0,205
485.0,1,0,205
486.0,1,0,205
487.0,1,0,205
488.0,1,0,205
489.0,1,0,205
490.0,1,0,205
491.0,1,0,205
492.0,1,0,205
493.0,1,0,205
494.0,1,0,205
495.0,1,0,205
496.0,1,0,205
497.0,1,0,205
498.0,1,0,205
499.0,1,0,205
500.0,1,0,205
501.0,1,0,205
502.0,1,0,205
503.0,1,0,205
504.0,1,0,205
505.0,1,0,205
506.0,1,0,205
507.0,1,0,205
508.0,1,0,205
509.0,1,0,205
510.0,1,0,205
511.0,1,0,205
512.0,1,0,205
513.0,1,0,205
514.0,1,0,205
515.0,1,0,205
516.0,1,0,205
517.0,1,0,205
518.0,1,0,205
519.0,1,0,205
520.0,1,0,205
521.0,1,0,205
522.0,1,0,205
523.0,1,0,205
524.0,1,0,205
525.0,1,0,205
526.0,1,0,205
527.0,1,0,205
528.0,1,0,205
529.0,1,0,205
530.0,1,0,205
531.0,1,0,205
532.0,1,0,205
533.0,1,0,205
534.0,1,0,205
535.0,1,0,205
536.0,1,0,205
537.0,1,0,205
538.0,1,0,205
539.0,1,0,205
540.0,1,0,205
541.0,1,0,205
542.0,1,0,205
543.0,1,0,205
544.0,1,0,205
545.0,1,0,205
546.0,1,0,205
547.0,1,0,205
548.0,1,0,205
549.0,1,0,205
550.0,1,0,205
551.0,1,0,205
552.0,1,0,205
553.0,1,0,205
554.0,1,0,205
555.0,1,0,205
556.0,1,0,205
557.0,1,0,205
558.0,1,0,205
559.0,1,0,205
560.0,1,0,205
561.0,1,0,205
562.0,1,0,205
563.0,1,0,205
564.0,1,0,205
565.0,1,0,205
566.0,1,0,205
567.0,1,0,205
568.0,1,0,205
569.0,1,0,205
570.0,1,0,205
571.0,1,0,205
572.0,1,0,205
573.0,1,0,205
574.0,1,0,205
575.0,1,0,205
576.0,1,0,205
577.0,1,0,205
578.0,1,0,205
579.0,1,0,205
580.0,1,0,205
581.0,1,0,205
582.0,1,0,205
583.0,1,0,205
584.0,1,0,205
585.0,1,0,205
586.0,1,0,205
587.0,1,0,205
588.0,1,0,205
589.0,1,0,205
590.0,1,0,205
591.0,1,0,205
592.0,1,0,205
593.0,1,0,205
594.0,1,0,205
595.0,1,0,205
596.0,1,0,205
597.0,1,0,205
598.0,1,0,205
599.0,1,0,205
600.0,1,0,205
601.0,1,0,205
602.0,1,0,205
603.0,1,0,205
604.0,1,0,205
605.0,1,0,205
606.0,1,0,205
607.0,1,0,205
608.0,1,0,205
609.0,1,0,205
610.0,1,0,205
611.0,1,0,205
612.0,1,0,205
613.0,1,0,205
614.0,1,0,205
615.0,1,0,205
616.0,1,0,205
617.0,1,0,205
618.0,1,0,205
619.0,1,0,205
620.0,1,0,205
621.0,1,0,205
622.0,1,0,205
623.0,1,0,205
624.0,1,0,205
625.0,1,0,205
626.0,1,0,205
627.0,1,0,205
628.0,1,0,205
629.0,1,0,205
630.0,1,0,205
631.0,1,0,205
632.0,1,0,205
633.0,1,0,205
634.0,1,0,205
635.0,1,0,205
636.0,1,0,205
637.0,1,0,205
638.0,1,0,205
639.0,1,0,205
640.0,1,0,205
641.0,1,0,205
642.0,1,0,205
643.0,1,0,205
644.0,1,0,205
645.0,1,0,205
646.0,1,0,205
647.0,1,0,205
648.0,1,0,205
649.0,1,0,205
650.0,1,0,205
651.0,1,0,205
652.0,1,0,205
653.0,1,0,205
654.0,1,0,205
655.0,1,0,205
656.0,1,0,205
657.0,1,0,205
658.0,1,0,205
659.0,1,0,205
660.0,1,0,205
661.0,1,0,205
662.0,1,0,205
663.0,1,0,205
664.0,1,0,205
665.0,1,0,205
666.0,1,0,205
667.0,1,0,205
668.0,1,0,205
669.0,1,0,205
670.0,1,0,205
671.0,1,0,205
672.0,1,0,205
673.0,1,0,205
674.0,1,0,205
675.0,1,0,205
676.0,1,0,205
677.0,1,0,205
678.0,1,0,205
679.0,1,0,205
680.0,1,0,205
681.0,1,0,205
682.0,1,0,205
683.0,1,0,205
684.0,1,0,205
685.0,1,0,205
686.0,1,0,205
687.0,1,0,205
688.0,1,0,205
689.0,1,0,205
690.0,1,0,205
691.0,1,0,205
692.0,1,0,205
693.0,1,0,205
694.0,1,0,205
695.0,1,0,205
696.0,1,0,205
697.0,1,0,205
698.0,1,0,205
699.0,1,0,205
700.0,1,0,205
701.0,1,0,205
702.0,1,0,205
703.0,1,0,205
704.0,1,0,205
705.0,1,0,205
706.0,1,0,205
707.0,1,0,205
708.0,1,0,205
709.0,1,0,205
710.0,1,0,205
711.0,1,0,205
712.0,1,0,205
713.0,1,0,205
714.0,1,0,205
715.0,1,0,205
716.0,1,0,205
717.0,1,0,205
718.0,1,0,205
719.0,1,0,205
720.0,1,0,205
721.0,1,0,205
722.0,1,0,205
723.0,1,0,205
724.0,1,0,205
725.0,1,0,205
726.0,1,0,205
727.0,1,0,205
728.0,1,0,205
729.0,1,0,205
730.0,1,0,205
731.0,1,0,205
732.0,1,0,205
733.0,1,0,205
734.0,1,0,205
735.0,1,0,205
736.0,1,0,205
737.0,1,0,205
738.0,1,0,205
739.0,1,0,205
740.0,1,0,205
741.0,1,0,205
742.0,1,0,205
743.0,1,0,205
744.0,1,0,205
745.0,1,0,205
746.0,1,0,205
747.0,1,0,205
748.0,1,0,205
749.0,1,0,205
750.0,1,0,205
751.0,1,0,205
752.0,1,0,205
753.0,1,0,205
754.0,1,0,205
755.0,1,0,205
756.0,1,0,205
757.0,1,0,205
758.0,1,0,205
759.0,1,0,205
760.0,1,0,205
761.0,1,0,205
762.0,1,0,205
763.0,1,0,205
764.0,1,0,205
765.0,1,0,205
766.0,1,0,205
767.0,1,0,205
768.0,1,0,205
769.0,1,0,205
770.0,1,0,205
771.0,1,0,205
772.0,1,0,205
773.0,1,0,205
774.0,1,0,205
775.0,1,0,205
776.0,1,0,205
777.0,1,0,205
778.0,1,0,205
779.0,1,0,205
780.0,1,0,205
781.0,1,0,205
782.0,1,0,205
783.0,1,0,205
784.0,1,0,205
785.0,1,0,205
786.0,1,0,205
787.0,1,0,205
788.0,1,0,205
789.0,1,0,205
790.0,1,0,205
791.0,1,0,205
792.0,1,0,205
793.0,1,0,205
794.0,1,0,205
795.0,1,0,205
796.0,1,0,205
797.0,1,0,205
798.0,1,0,205
799.0,1,0,205
800.0,1,0,205
801.0,1,0,205
802.0,1,0,205
803.0,1,0,205
804.0,1,0,205
805.0,1,0,205
806.0,1,0,205
807.0,1,0,205
808.0,1,0,205
809.0,1,0,205
810.0,1,0,205
811.0,1,0,205
812.0,1,0,205
813.0,1,0,205
814.0,1,0,205
815.0,1,0,205
816.0,1,0,205
817.0,1,0,205
818.0,1,0,205
819.0,1,0,205
820.0,1,0,205
821.0,1,0,205
822.0,1,0,205
823.0,1,0,205
824.0,1,0,205
825.0,1,0,205
826.0,1,0,205
827.0,1,0,205
828.0,1,0,205
829.0,1,0,205
830.0,1,0,205
831.0,1,0,205
832.0,1,0,205
833.0,1,0,205
834.0,1,0,205
835.0,1,0,205
836.0,1,0,205
837.0,1,0,205
838.0,1,0,205
839.0,1,0,205
840.0,1,0,205
841.0,1,0,205
842.0,1,0,205
843.0,1,0,205
844.0,1,0,205
845.0,1,0,205
846.0,1,0,205
847.0,1,0,205
848.0,1,0,205
849.0,1,0,205
850.0,1,0,205
851.0,1,0,205
852.0,1,0,205
853.0,1,0,205
854.0,1,0,205
855.0,1,0,205
856.0,1,0,205
857.0,1,0,205
858.0,1,0,205
859.0,1,0,205
860.0,1,0,205
861.0,1,0,205
862.0,1,0,205
863.0,1,0,205
864.0,1,0,205
865.0,1,0,205
866.0,1,0,205
867.0,1,0,205
868.0,1,0,205
869.0,1,0,205
870.0,1,0,205
871.0,1,0,205
872.0,1,0,205
873.0,1,0,205
874.0,1,0,205
875.0,1,0,205
876.0,1,0,205
877.0,1,0,205
878.0,1,0,205
879.0,1,0,205
880.0,1,0,205
881.0,1,0,205
882.0,1,0,205
883.0,1,0,205
884.0,1,0,205
885.0,1,0,205
886.0,1,0,205
887.0,1,0,205
888.0,1,0,205
889.0,1,0,205
890.0,1,0,205
891.0,1,0,205
892.0,1,0,205
893.0,1,0,205
894.0,1,0,205
895.0,1,0,205
896.0,1,0,205
897.0,1,0,205
898.0,1,0,205
899.0,1,0,205
900.0,1,0,205
901.0,1,0,205
902.0,1,0,205
903.0,1,0,205
904.0,1,0,205
905.0,1,0,205
906.0,1,0,205
907.0,1,0,205
908.0,1,0,205
909.0,1,0,205
910.0,1,0,205
911.0,1,0,205
912.0,1,0,205
913.0,1,0,205
914.0,1,0,205
915.0,1,0,205
916.0,1,0,205
917.0,1,0,205
918.0,1,0,205
919.0,1,0,205
920.0,1,0,205
921.0,1,0,205
922.0,1,0,205
923.0,1,0,205
924.0,1,0,205
925.0,1,0,205
926.0,1,0,205
927.0,1,0,205
928.0,1,0,205
929.0,1,0,205
930.0,1,0,205
931.0,1,0,205
932.0,1,0,205
933.0,1,0,205
934.0,1,0,205
935.0,1,0,205
936.0,1,0,205
937.0,1,0,205
938.0,1,0,205
939.0,1,0,205
940.0,1,0,205
941.0,1,0,205
942.0,1,0,205
943.0,1,0,205
944.0,1,0,205
945.0,1,0,205
946.0,1,0,205
947.0,1,0,205
948.0,1,0,205
949.0,1,0,205
950.0,1,0,205
951.0,1,0,205
952.0,1,0,205
953.0,1,0,205
954.0,1,0,205
955.0,1,0,205
956.0,1,0,205
957.0,1,0,205
958.0,1,0,205
959.0,1,0,205
960.0,1,0,205
961.0,1,0,205
962.0,1,0,205
963.0,1,0,205
964.0,1,0,205
965.0,1,0,205
966.0,1,0,205
967.0,1,0,205
968.0,1,0,205
969.0,1,0,205
970.0,1,0,205
971.0,1,0,205
972.0,1,0,205
973.0,1,0,205
974.0,1,0,205
975.0,1,0,205
976.0,1,0,205
977.0,1,0,205
978.0,1,0,205
979.0,1,0,205
980.0,1,0,205
981.0,1,0,205
982.0,1,0,205
983.0,1,0,205
984.0,1,0,205
985.0,1,0,205
986.0,1,0,205
987.0,1,0,205
988.0,1,0,205
989.0,1,0,205
990.0,1,0,205
991.0,1,0,205
992.0,1,0,205
993.0,1,0,205
994.0,1,0,205
995.0,1,0,205
996.0,1,0,205
997.0,1,0,205
998.0,1,0,205
999.0,1,0,205
1000.0,1,0,205
1001.0,1,0,205
1002.0,1,0,205
1003.0,1,0,205
1004.0,1,0,205
1005.0,1,0,205
1006.0,1,0,205
1007.0,1,0,205
1008.0,1,0,205
1009.0,1,0,205
1010.0,1,0,205
1011.0,1,0,205
1012.0,1,0,205
1013.0,1,0,205
1014.0,1,0,205
1015.0,1,0,205
1016.0,1,0,205
1017.0,1,0,205
1018.0,1,0,205
1019.0,1,0,205
1020.0,1,0,205
1021.0,1,0,205
1022.0,1,0,205
1023.0,1,0,205
1024.0,1,0,205
1025.0,1,0,205
1026.0,1,0,205
1027.0,1,0,205
1028.0,1,0,205
1029.0,1,0,205
1030.0,1,0,205
1031.0,1,0,205
1032.0,1,0,205
1033.0,1,0,205
1034.0,1,0,205
1035.0,1,0,205
1036.0,1,0,205
1037.0,1,0,205
1038.0,1,0,205
1039.0,1,0,205
1040.0,1,0,205
1041.0,1,0,205
1042.0,1,0,205
1043.0,1,0,205
1044.0,1,0,205
1045.0,1,0,205
1046.0,1,0,205
1047.0,1,0,205
1048.0,1,0,205
1049.0,1,0,205
1050.0,1,0,205
1051.0,1,0,205
1052.0,1,0,205
1053.0,1,0,205
1054.0,1,0,205
1055.0,1,0,205
1056.0,1,0,205
1057.0,1,0,205
1058.0,1,0,205
1059.0,1,0,205
1060.0,1,0,205
1061.0,1,0,205
1062.0,1,0,205
1063.0,1,0,205
1064.0,1,0,205
1065.0,1,0,205
1066.0,1,0,205
1067.0,1,0,205
1068.0,1,0,205
1069.0,1,0,205
1070.0,1,0,205
1071.0,1,0,205
1072.0,1,0,205
1073.0,1,0,205
1074.0,1,0,205
1075.0,1,0,205
1076.0,1,0,205
1077.0,1,0,205
1078.0,1,0,205
1079.0,1,0,205
1080.0,1,0,205
1081.0,1,0,205
1082.0,1,0,205
1083.0,1,0,205
1084.0,1,0,205
1085.0,1,0,205
1086.0,1,0,205
1087.0,1,0,205
1088.0,1,0,205
1089.0,1,0,205
1090.0,1,0,205
1091.0,1,0,205
1092.0,1,0,205
1093.0,1,0,205
1094.0,1,0,205
1095.0,1,0,205
1096.0,1,0,205
1097.0,1,0,205
1098.0,1,0,205
1099.0,1,0,205
1100.0,1,0,205
1101.0,1,0,205
1102.0,1,0,205
1103.0,1,0,205
1104.0,1,0,205
1105.0,1,0,205
1106.0,1,0,205
1107.0,1,0,205
1108.0,1,0,205
1109.0,1,0,205
1110.0,1,0,205
1111.0,1,0,205
1112.0,1,0,205
1113.0,1,0,205
1114.0,1,0,205
1115.0,1,0,205
1116.0,1,0,205
1117.0,1,0,205
1118.0,1,0,205
1119.0,1,0,205
1120.0,1,0,205
1121.0,1,0,205
1122.0,1,0,205
1123.0,1,0,205
1124.0,1,0,205
1125.0,1,0,205
1126.0,1,0,205
1127.0,1,0,205
1128.0,1,0,205
1129.0,1,0,205
1130.0,1,0,205
1131.0,1,0,205
1132.0,1,0,205
1133.0,1,0,205
1134.0,1,0,205
1135.0,1,0,205
1136.0,1,0,205
1137.0,1,0,205
1138.0,1,0,205
1139.0,1,0,205
1140.0,1,0,205
1141.0,1,0,205
1142.0,1,0,205
1143.0,1,0,205
1144.0,1,0,205
1145.0,1,0,205
1146.0,1,0,205
1147.0,1,0,205
1148.0,1,0,205
1149.0,1,0,205
1150.0,1,0,205
1151.0,1,0,205
1152.0,1,0,205
1153.0,1,0,205
1154.0,1,0,205
1155.0,1,0,205
1156.0,1,0,205
1157.0,1,0,205
1158.0,1,0,205
1159.0,1,0,205
1160.0,1,0,205
1161.0,1,0,205
1162.0,1,0,205
1163.0,1,0,205
1164.0,1,0,205
1165.0,1,0,205
1166.0,1,0,205
1167.0,1,0,205
1168.0,1,0,205
1169.0,1,0,205
1170.0,1,0,205
1171.0,1,0,205
1172.0,1,0,205
1173.0,1,0,205
1174.0,1,0,205
1175.0,1,0,205
1176.0,1,0,205
1177.0,1,0,205
1178.0,1,0,205
1179.0,1,0,205
1180.0,1,0,205
1181.0,1,0,205
1182.0,1,0,205
1183.0,1,0,205
1184.0,1,0,205
1185.0,1,0,205
1186.0,1,0,205
1187.0,1,0,205
1188.0,1,0,205
1189.0,1,0,205
1190.0,1,0,205
1191.0,1,0,205
1192.0,1,0,205
1193.0,1,0,205
1194.0,1,0,205
1195.0,1,0,205
1196.0,1,0,205
1197.0,1,0,205
1198.0,1,0,205
1199.0,1,0,205
1200.0,1,0,205
1201.0,1,0,205
1202.0,1,0,205
1203.0,1,0,205
1204.0,1,0,205
1205.0,1,0,205
1206.0,1,0,205
1207.0,1,0,205
1208.0,1,0,205
1209.0,1,0,205
1210.0,1,0,205
1211.0,1,0,205
1212.0,1,0,205
1213.0,1,0,205
1214.0,1,0,205
1215.0,1,0,205
1216.0,1,0,205
1217.0,1,0,205
1218.0,1,0,205
1219.0,1,0,205
1220.0,1,0,205
1221.0,1,0,205
1222.0,1,0,205
1223.0,1,0,205
1224.0,1,0,205
1225.0,1,0,205
1226.0,1,0,205
1227.0,1,0,205
1228.0,1,0,205
1229.0,1,0,205
1230.0,1,0,205
1231.0,1,0,205
1232.0,1,0,205
1233.0,1,0,205
1234.0,1,0,205
1235.0,1,0,205
1236.0,1,0,205
1237.0,1,0,205
1238.0,1,0,205
1239.0,1,0,205
1240.0,1,0,205
1241.0,1,0,205
1242.0,1,0,205
1243.0,1,0,205
1244.0,1,0,205
1245.0,1,0,205
1246.0,1,0,205
1247.0,1,0,205
1248.0,1,0,205
1249.0,1,0,205
1250.0,1,0,205
1251.0,1,0,205
1252.0,1,0,205
1253.0,1,0,205
1254.0,1,0,205
1255.0,1,0,205
1256.0,1,0,205
1257.0,1,0,205
1258.0,1,0,205
1259.0,1,0,205
1260.0,1,0,205
1261.0,1,0,205
1262.0,1,0,205
1263.0,1,0,205
1264.0,1,0,205
1265.0,1,0,205
1266.0,1,0,205
1267.0,1,0,205
1268.0,1,0,205
1269.0,1,0,205
1270.0,1,0,205
1271.0,1,0,205
1272.0,1,0,205
1273.0,1,0,205
1274.0,1,0,205
1275.0,1,0,205
1276.0,1,0,205
1277.0,1,0,205
1278.0,1,0,205
1279.0,1,0,205
1280.0,1,0,205
1281.0,1,0,205
1282.0,1,0,205
1283.0,1,0,205
1284.0,1,0,205
1285.0,1,0,205
1286.0,1,0,205
1287.0,1,0,205
1288.0,1,0,205
1289.0,1,0,205
1290.0,1,0,205
1291.0,1,0,205
1292.0,1,0,205
1293.0,1,0,205
1294.0,1,0,205
1295.0,1,0,205
1296.0,1,0,205
1297.0,1,0,205
1298.0,1,0,205
1299.0,1,0,205
1300.0,1,0,205
1301.0,1,0,205
1302.0,1,0,205
1303.0,1,0,205
1304.0,1,0,205
1305.0,1,0,205
1306.0,1,0,205
1307.0,1,0,205
1308.0,1,0,205
1309.0,1,0,205
1310.0,1,0,205
1311.0,1,0,205
1312.0,1,0,205
1313.0,1,0,205
1314.0,1,0,205
1315.0,1,0,205
1316.0,1,0,205
1317.0,1,0,205
1318.0,1,0,205
1319.0,1,0,205
1320.0,1,0,205
1321.0,1,0,205
1322.0,1,0,205
1323.0,1,0,205
1324.0,1,0,205
1325.0,1,0,205
1326.0,1,0,205
1327.0,1,0,205
1328.0,1,0,205
1329.0,1,0,205
1330.0,1,0,205
1331.0,1,0,205
1332.0,1,0,205
1333.0,1,0,205
1334.0,1,0,205
1335.0,1,0,205
1336.0,1,0,205
1337.0,1,0,205
1338.0,1,0,205
1339.0,1,0,205
1340.0,1,0,205
1341.0,1,0,205
1342.0,1,0,205
1343.0,1,0,205
1344.0,1,0,205
1345.0,1,0,205
1346.0,1,0,205
1347.0,1,0,205
1348.0,1,0,205
1349.0,1,0,205
1350.0,1,0,205
1351.0,1,0,205
1352.0,1,0,205
1353.0,1,0,205
1354.0,1,0,205
1355.0,1,0,205
1356.0,1,0,205
1357.0,1,0,205
1358.0,1,0,205
1359.0,1,0,205
1360.0,1,0,205
1361.0,1,0,205
1362.0,1,0,205
1363.0,1,0,205
1364.0,1,0,205
1365.0,1,0,205
1366.0,1,0,205
1367.0,1,0,205
1368.0,1,0,205
1369.0,1,0,205
1370.0,1,0,205
1371.0,1,0,205
1372.0,1,0,205
1373.0,1,0,205
1374.0,1,0,205
1375.0,1,0,205
1376.0,1,0,205
1377.0,1,0,205
1378.0,1,0,205
1379.0,1,0,205
1380.0,1,0,205
1381.0,1,0,205
1382.0,1,0,205
1383.0,1,0,205
1384.0,1,0,205
1385.0,1,0,205
1386.0,1,0,205
1387.0,1,0,205
1388.0,1,0,205
1389.0,1,0,205
1390.0,1,0,205
1391.0,1,0,205
1392.0,1,0,205
1393.0,1,0,205
1394.0,1,0,205
1395.0,1,0,205
1396.0,1,0,205
1397.0,1,0,205
1398.0,1,0,205
1399.0,1,0,205
1400.0,1,0,205
1401.0,1,0,205
1402.0,1,0,205
1403.0,1,0,205
1404.0,1,0,205
1405.0,1,0,205
1406.0,1,0,205
1407.0,1,0,205
1408.0,1,0,205
1409.0,1,0,205
1410.0,1,0,205
1411.0,1,0,205
1412.0,1,0,205
1413.0,1,0,205
1414.0,1,0,205
1415.0,1,0,205
1416.0,1,0,205
1417.0,1,0,205
1418.0,1,0,205
1419.0,1,0,205
1420.0,1,0,205
1421.0,1,0,205
1422.0,1,0,205
1423.0,1,0,205
1424.0,1,0,205
1425.0,1,0,205
1426.0,1,0,205
1427.0,1,0,205
1428.0,1,0,205
1429.0,1,0,205
1430.0,1,0,205
1431.0,1,0,205
1432.0,1,0,205
1433.0,1,0,205
1434.0,1,0,205
1435.0,1,0,205
1436.0,1,0,205
1437.0,1,0,205
1438.0,1,0,205
1439.0,1,0,205
1440.0,1,0,205
1441.0,1,0,205
1442.0,1,0,205
1443.0,1,0,205
1444.0,1,0,205
1445.0,1,0,205
1446.0,1,0,205
1447.0,1,0,205
1448.0,1,0,205
1449.0,1,0,205
1450.0,1,0,205
1451.0,1,0,205
1452.0,1,0,205
1453.0,1,0,205
1454.0,1,0,205
1455.0,1,0,205
1456.0,1,0,205
1457.0,1,0,205
1458.0,1,0,205
1459.0,1,0,205
1460.0,1,0,205
1461.0,1,0,205
1462.0,1,0,205
1463.0,1,0,205
1464.0,1,0,205
1465.0,1,0,205
1466.0,1,0,205
1467.0,1,0,205
1468.0,1,0,205
1469.0,1,0,205
1470.0,1,0,205
1471.0,1,0,205
1472.0,1,0,205
1473.0,1,0,205
1474.0,1,0,205
1475.0,1,0,205
1476.0,1,0,205
1477.0,1,0,205
1478.0,1,0,205
1479.0,1,0,205
1480.0,1,0,205
1481.0,1,0,205
1482.0,1,0,205
1483.0,1,0,205
1484.0,1,0,205
1485.0,1,0,205
1486.0,1,0,205
1487.0,1,0,205
1488.0,1,0,205
1489.0,1,0,205
1490.0,1,0,205
1491.0,1,0,205
1492.0,1,0,205
1493.0,1,0,205
1494.0,1,0,205
1495.0,1,0,205
1496.0,1,0,205
1497.0,1,0,205
1498.0,1,0,205
1499.0,1,0,205
1500.0,1,0,205
1501.0,1,0,205
1502.0,1,0,205
1503.0,1,0,205
1504.0,1,0,205
1505.0,1,0,205
1506.0,1,0,205
1507.0,1,0,205
1508.0,1,0,205
1509.0,1,0,205
1510.0,1,0,205
1511.0,1,0,205
1512.0,1,0,205
1513.0,1,0,205
1514.0,1,0,205
1515.0,1,0,205
1516.0,1,0,205
1517.0,1,0,205
1518.0,1,0,205
1519.0,1,0,205
1520.0,1,0,205
1521.0,1,0,205
1522.0,1,0,205
1523.0,1,0,205
1524.0,1,0,205
1525.0,1,0,205
1526.0,1,0,205
1527.0,1,0,205
1528.0,1,0,205
1529.0,1,0,205
1530.0,1,0,205
1531.0,1,0,205
1532.0,1,0,205
1533.0,1,0,205
1534.0,1,0,205
1535.0,1,0,205
1536.0,1,0,205
1537.0,1,0,205
1538.0,1,0,205
1539.0,1,0,205
1540.0,1,0,205
1541.0,1,0,205
1542.0,1,0,205
1543.0,1,0,205
1544.0,1,0,205
1545.0,1,0,205
1546.0,1,0,205
1547.0,1,0,205
1548.0,1,0,205
1549.0,1,0,205
1550.0,1,0,205
1551.0,1,0,205
1552.0,1,0,205
1553.0,1,0,205
1554.0,1,0,205
1555.0,1,0,205
1556.0,1,0,205
1557.0,1,0,205
1558.0,1,0,205
1559.0,1,0,205
1560.0,1,0,205
1561.0,1,0,205
1562.0,1,0,205
1563.0,1,0,205
1564.0,1,0,205
1565.0,1,0,205
1566.0,1,0,205
1567.0,1,0,205
1568.0,1,0,205
1569.0,1,0,205
1570.0,1,0,205
1571.0,1,0,205
1572.0,1,0,205
1573.0,1,0,205
1574.0,1,0,205
1575.0,1,0,205
1576.0,1,0,205
1577.0,1,0,205
1578.0,1,0,205
1579.0,1,0,205
1580.0,1,0,205
1581.0,1,0,205
1582.0,1,0,205
1583.0,1,0,205
1584.0,1,0,205
1585.0,1,0,205
1586.0,1,0,205
1587.0,1,0,205
1588.0,1,0,205
1589.0,1,0,205
1590.0,1,0,205
1591.0,1,0,205
1592.0,1,0,205
1593.0,1,0,205
1594.0,1,0,205
1595.0,1,0,205
1596.0,1,0,205
1597.0,1,0,205
1598.0,1,0,205
1599.0,1,0,205
1600.0,1,0,205
1601.0,1,0,205
1602.0,1,0,205
1603.0,1,0,205
1604.0,1,0,205
1605.0,1,0,205
1606.0,1,0,205
1607.0,1,0,205
1608.0,1,0,205
1609.0,1,0,205
1610.0,1,0,205
1611.0,1,0,205
1612.0,1,0,205
1613.0,1,0,205
1614.0,1,0,205
1615.0,1,0,205
1616.0,1,0,205
1617.0,1,0,205
1618.0,1,0,205
1619.0,1,0,205
1620.0,1,0,205
1621.0,1,0,205
1622.0,1,0,205
1623.0,1,0,205
1624.0,1,0,205
1625.0,1,0,205
1626.0,1,0,205
1627.0,1,0,205
1628.0,1,0,205
1629.0,1,0,205
1630.0,1,0,205
1631.0,1,0,205
1632.0,1,0,205
1633.0,1,0,205
1634.0,1,0,205
1635.0,1,0,205
1636.0,1,0,205
1637.0,1,0,205
1638.0,1,0,205
1639.0,1,0,205
1640.0,1,0,205
1641.0,1,0,205
1642.0,1,0,205
1643.0,1,0,205
1644.0,1,0,205
1645.0,1,0,205
1646.0,1,0,205
1647.0,1,0,205
1648.0,1,0,205
1649.0,1,0,205
1650.0,1,0,205
1651.0,1,0,205
1652.0,1,0,205
1653.0,1,0,205
1654.0,1,0,205
1655.0,1,0,205
1656.0,1,0,205
1657.0,1,0,205
1658.0,1,0,205
1659.0,1,0,205
1660.0,1,0,205
1661.0,1,0,205
1662.0,1,0,205
1663.0,1,0,205
1664.0,1,0,205
1665.0,1,0,205
1666.0,1,0,205
1667.0,1,0,205
1668.0,1,0,205
1669.0,1,0,205
1670.0,1,0,205
1671.0,1,0,205
1672.0,1,0,205
1673.0,1,0,205
1674.0,1,0,205
1675.0,1,0,205
1676.0,1,0,205
1677.0,1,0,205
1678.0,1,0,205
1679.0,1,0,205
1680.0,1,0,205
1681.0,1,0,205
1682.0,1,0,205
1683.0,1,0,205
1684.0,1,0,205
1685.0,1,0,205
1686.0,1,0,205
1687.0,1,0,205
1688.0,1,0,205
1689.0,1,0,205
1690.0,1,0,205
1691.0,1,0,205
1692.0,1,0,205
1693.0,1,0,205
1694.0,1,0,205
1695.0,1,0,205
1696.0,1,0,205
1697.0,1,0,205
1698.0,1,0,205
1699.0,1,0,205
1700.0,1,0,205
1701.0,1,0,205
1702.0,1,0,205
1703.0,1,0,205
1704.0,1,0,205
1705.0,1,0,205
1706.0,1,0,205
1707.0,1,0,205
1708.0,1,0,205
1709.0,1,0,205
1710.0,1,0,205
1711.0,1,0,205
1712.0,1,0,205
1713.0,1,0,205
1714.0,1,0,205
1715.0,1,0,205
1716.0,1,0,205
1717.0,1,0,205
1718.0,1,0,205
1719.0,1,0,205
1720.0,1,0,205
1721.0,1,0,205
1722.0,1,0,205
1723.0,1,0,205
1724.0,1,0,205
1725.0,1,0,205
1726.0,1,0,205
1727.0,1,0,205
1728.0,1,0,205
1729.0,1,0,205
1730.0,1,0,205
1731.0,1,0,205
1732.0,1,0,205
1733.0,1,0,205
1734.0,1,0,205
1735.0,1,0,205
1736.0,1,0,205
1737.0,1,0,205
1738.0,1,0,205
1739.0,1,0,205
1740.0,1,0,205
1741.0,1,0,205
1742.0,1,0,205
1743.0,1,0,205
1744.0,1,0,205
1745.0,1,0,205
1746.0,1,0,205
1747.0,1,0,205
1748.0,1,0,205
1749.0,1,0,205
1750.0,1,0,205
1751.0,1,0,205
1752.0,1,0,205
1753.0,1,0,205
1754.0,1,0,205
1755.0,1,0,205
1756.0,1,0,205
1757.0,1,0,205
1758.0,1,0,205
1759.0,1,0,205
1760.0,1,0,205
1761.0,1,0,205
1762.0,1,0,205
1763.0,1,0,205
1764.0,1,0,205
1765.0,1,0,205
1766.0,1,0,205
1767.0,1,0,205
1768.0,1,0,205
1769.0,1,0,205
1770.0,1,0,205
1771.0,1,0,205
1772.0,1,0,205
1773.0,1,0,205
1774.0,1,0,205
1775.0,1,0,205
1776.0,1,0,205
1777.0,1,0,205
1778.0,1,0,205
1779.0,1,0,205
1780.0,1,0,205
1781.0,1,0,205
1782.0,1,0,205
1783.0,1,0,205
1784.0,1,0,205
1785.0,1,0,205
1786.0,1,0,205
1787.0,1,0,205
1788.0,1,0,205
1789.0,1,0,205
1790.0,1,0,205
1791.0,1,0,205
1792.0,1,0,205
1793.0,1,0,205
1794.0,1,0,205
1795.0,1,0,205
1796.0,1,0,205
1797.0,1,0,205
1798.0,1,0,205
1799.0,1,0,205
1800.0,1,0,205
1801.0,1,0,205
1802.0,1,0,205
1803.0,1,0,205
1804.0,1,0,205
1805.0,1,0,205
1806.0,1,0,205
1807.0,1,0,205
1808.0,1,0,205
1809.0,1,0,205
1810.0,1,0,205
1811.0,1,0,205
1812.0,1,0,205
1813.0,1,0,205
1814.0,1,0,205
1815.0,1,0,205
1816.0,1,0,205
1817.0,1,0,205
1818.0,1,0,205
1819.0,1,0,205
1820.0,1,0,205
1821.0,1,0,205
1822.0,1,0,205
1823.0,1,0,205
1824.0,1,0,205
1825.0,1,0,205
1826.0,1,0,205
1827.0,1,0,205
1828.0,1,0,205
1829.0,1,0,205
1830.0,1,0,205
1831.0,1,0,205
1832.0,1,0,205
1833.0,1,0,205
1834.0,1,0,205
1835.0,1,0,205
1836.0,1,0,205
1837.0,1,0,205
1838.0,1,0,205
1839.0,1,0,205
1840.0,1,0,205
1841.0,1,0,205
1842.0,1,0,205
1843.0,1,0,205
1844.0,1,0,205
1845.0,1,0,205
1846.0,1,0,205
1847.0,1,0,205
1848.0,1,0,205
1849.0,1,0,205
1850.0,1,0,205
1851.0,1,0,205
1852.0,1,0,205
1853.0,1,0,205
1854.0,1,0,205
1855.0,1,0,205
1856.0,1,0,205
1857.0,1,0,205
1858.0,1,0,205
1859.0,1,0,205
1860.0,1,0,205
1861.0,1,0,205
1862.0,1,0,205
1863.0,1,0,205
1864.0,1,0,205
1865.0,1,0,205
1866.0,1,0,205
1867.0,1,0,205
1868.0,1,0,205
1869.0,1,0,205
1870.0,1,0,205
1871.0,1,0,205
1872.0,1,0,205
1873.0,1,0,205
1874.0,1,0,205
1875.0,1,0,205
1876.0,1,0,205
1877.0,1,0,205
1878.0,1,0,205
1879.0,1,0,205
1880.0,1,0,205
1881.0,1,0,205
1882.0,1,0,205
1883.0,1,0,205
1884.0,1,0,205
1885.0,1,0,205
1886.0,1,0,205
1887.0,1,0,205
1888.0,1,0,205
1889.0,1,0,205
1890.0,1,0,205
1891.0,1,0,205
1892.0,1,0,205
1893.0,1,0,205
1894.0,1,0,205
1895.0,1,0,205
1896.0,1,0,205
1897.0,1,0,205
1898.0,1,0,205
1899.0,1,0,205
1900.0,1,0,205
1901.0,1,0,205
1902.0,1,0,205
1903.0,1,0,205
1904.0,1,0,205
1905.0,1,0,205
1906.0,1,0,205
1907.0,1,0,205
1908.0,1,0,205
1909.0,1,0,205
1910.0,1,0,205
1911.0,1,0,205
1912.0,1,0,205
1913.0,1,0,205
1914.0,1,0,205
1915.0,1,0,205
1916.0,1,0,205
1917.0,1,0,205
1918.0,1,0,205
1919.0,1,0,205
1920.0,1,0,205
1921.0,1,0,205
1922.0,1,0,205
1923.0,1,0,205
1924.0,1,0,205
1925.0,1,0,205
1926.0,1,0,205
1927.0,1,0,205
1928.0,1,0,205
1929.0,1,0,205
1930.0,1,0,205
1931.0,1,0,205
1932.0,1,0,205
1933.0,1,0,205
1934.0,1,0,205
1935.0,1,0,205
1936.0,1,0,205
1937.0,1,0,205
1938.0,1,0,205
1939.0,1,0,205
1940.0,1,0,205
1941.0,1,0,205
1942.0,1,0,205
1943.0,1,0,205
1944.0,1,0,205
1945.0,1,0,205
1946.0,1,0,205
1947.0,1,0,205
1948.0,1,0,205
1949.0,1,0,205
1950.0,1,0,205
1951.0,1,0,205
1952.0,1,0,205
1953.0,1,0,205
1954.0,1,0,205
1955.0,1,0,205
1956.0,1,0,205
1957.0,1,0,205
1958.0,1,0,205
1959.0,1,0,205
1960.0,1,0,205
1961.0,1,0,205
1962.0,1,0,205
1963.0,1,0,205
1964.0,1,0,205
1965.0,1,0,205
1966.0,1,0,205
1967.0,1,0,205
1968.0,1,0,205
1969.0,1,0,205
1970.0,1,0,205
1971.0,1,0,205
1972.0,1,0,205
1973.0,1,0,205
1974.0,1,0,205
1975.0,1,0,205
1976.0,1,0,205
1977.0,1,0,205
1978.0,1,0,205
1979.0,1,0,205
1980.0,1,0,205
1981.0,1,0,205
1982.0,1,0,205
1983.0,1,0,205
1984.0,1,0,205
1985.0,1,0,205
1986.0,1,0,205
1987.0,1,0,205
1988.0,1,0,205
1989.0,1,0,205
1990.0,1,0,205
1991.0,1,0,205
1992.0,1,0,205
1993.0,1,0,205
1994.0,1,0,205
1995.0,1,0,205
1996.0,1,0,205
1997.0,1,0,205
1998.0,1,0,205
1999.0,1,0,205
2000.0,1,0,205
2001.0,1,0,205
2002.0,1,0,205
2003.0,1,0,205
2004.0,1,0,205
2005.0,1,0,205
2006.0,1,0,205
2007.0,1,0,205
2008.0,1,0,205
2009.0,1,0,205
2010.0,1,0,205
2011.0,1,0,205
2012.0,1,0,205
2013.0,1,0,205
2014.0,1,0,205
2015.0,1,0,205
2016.0,1,0,205
2017.0,1,0,205
2018.0,1,0,205
2019.0,1,0,205
2020.0,1,0,205
2021.0,1,0,205
2022.0,1,0,205
2023.0,1,0,205
2024.0,1,0,205
2025.0,1,0,205
2026.0,1,0,205
2027.0,1,0,205
2028.0,1,0,205
2029.0,1,0,205
2030.0,1,0,205
2031.0,1,0,205
2032.0,1,0,205
2033.0,1,0,205
2034.0,1,0,205
2035.0,1,0,205
2036.0,1,0,205
2037.0,1,0,205
2038.0,1,0,205
2039.0,1,0,205
2040.0,1,0,205
2041.0,1,0,205
2042.0,1,0,205
2043.0,1,0,205
2044.0,1,0,205
2045.0,1,0,205
2046.0,1,0,205
2047.0,1,0,205
2048.0,1,0,205
2049.0,1,0,205
2050.0,1,0,205
2051.0,1,0,205
2052.0,1,0,205
2053.0,1,0,205
2054.0,1,0,205
2055.0,1,0,205
2056.0,1,0,205
2057.0,1,0,205
2058.0,1,0,205
2059.0,1,0,205
2060.0,1,0,205
2061.0,1,0,205
2062.0,1,0,205
2063.0,1,0,205
2064.0,1,0,205
2065.0,1,0,205
2066.0,1,0,205
2067.0,1,0,205
2068.0,1,0,205
2069.0,1,0,205
2070.0,1,0,205
2071.0,1,0,205
2072.0,1,0,205
2073.0,1,0,205
2074.0,1,0,205
2075.0,1,0,205
2076.0,1,0,205
2077.0,1,0,205
2078.0,1,0,205
2079.0,1,0,205
2080.0,1,0,205
2081.0,1,0,205
2082.0,1,0,205
2083.0,1,0,205
2084.0,1,0,205
2085.0,1,0,205
2086.0,1,0,205
2087.0,1,0,205
2088.0,1,0,205
2089.0,1,0,205
2090.0,1,0,205
2091.0,1,0,205
2092.0,1,0,205
2093.0,1,0,205
2094.0,1,0,205
2095.0,1,0,205
2096.0,1,0,205
2097.0,1,0,205
2098.0,1,0,205
2099.0,1,0,205
2100.0,1,0,205
2101.0,1,0,205
2102.0,1,0,205
2103.0,1,0,205
2104.0,1,0,205
2105.0,1,0,205
2106.0,1,0,205
2107.0,1,0,205
2108.0,1,0,205
2109.0,1,0,205
2110.0,1,0,205
2111.0,1,0,205
2112.0,1,0,205
2113.0,1,0,205
2114.0,1,0,205
2115.0,1,0,205
2116.0,1,0,205
2117.0,1,0,205
2118.0,1,0,205
2119.0,1,0,205
2120.0,1,0,205
2121.0,1,0,205
2122.0,1,0,205
2123.0,1,0,205
2124.0,1,0,205
2125.0,1,0,205
2126.0,1,0,205
2127.0,1,0,205
2128.0,1,0,205
2129.0,1,0,205
2130.0,1,0,205
2131.0,1,0,205
2132.0,1,0,205
2133.0,1,0,205
2134.0,1,0,205
2135.0,1,0,205
2136.0,1,0,205
2137.0,1,0,205
2138.0,1,0,205
2139.0,1,0,205
2140.0,1,0,205
2141.0,1,0,205
2142.0,1,0,205
2143.0,1,0,205
2144.0,1,0,205
2145.0,1,0,205
2146.0,1,0,205
2147.0,1,0,205
2148.0,1,0,205
2149.0,1,0,205
2150.0,1,0,205
2151.0,1,0,205
2152.0,1,0,205
2153.0,1,0,205
2154.0,1,0,205
2155.0,1,0,205
2156.0,1,0,205
2157.0,1,0,205
2158.0,1,0,205
2159.0,1,0,205
2160.0,1,0,205
2161.0,1,0,205
2162.0,1,0,205
