"tick","run","Human Count","Zombie Count"
1.0,1,197,8
2.0,1,197,8
3.0,1,196,9
4.0,1,196,9
5.0,1,195,10
6.0,1,195,10
7.0,1,195,10
8.0,1,195,10
9.0,1,195,10
10.0,1,195,10
11.0,1,195,10
12.0,1,195,10
13.0,1,195,10
14.0,1,195,10
15.0,1,195,10
16.0,1,195,10
17.0,1,195,10
18.0,1,195,10
19.0,1,195,10
20.0,1,195,10
21.0,1,195,10
22.0,1,195,10
23.0,1,192,13
24.0,1,191,14
25.0,1,191,14
26.0,1,190,15
27.0,1,190,15
28.0,1,189,16
29.0,1,189,16
30.0,1,189,16
31.0,1,189,16
32.0,1,187,18
33.0,1,187,18
34.0,1,187,18
35.0,1,187,18
36.0,1,187,18
37.0,1,186,19
38.0,1,185,20
39.0,1,185,20
40.0,1,184,21
41.0,1,183,22
42.0,1,182,23
43.0,1,182,23
44.0,1,181,24
45.0,1,180,25
46.0,1,180,25
47.0,1,179,26
48.0,1,178,27
49.0,1,178,27
50.0,1,178,27
51.0,1,178,27
52.0,1,175,30
53.0,1,173,32
54.0,1,171,34
55.0,1,171,34
56.0,1,169,36
57.0,1,169,36
58.0,1,169,36
59.0,1,167,38
60.0,1,167,38
61.0,1,167,38
62.0,1,167,38
63.0,1,164,41
64.0,1,164,41
65.0,1,164,41
66.0,1,161,44
67.0,1,158,47
68.0,1,157,48
69.0,1,156,49
70.0,1,155,50
71.0,1,154,51
72.0,1,153,52
73.0,1,152,53
74.0,1,149,56
75.0,1,148,57
76.0,1,147,58
77.0,1,146,59
78.0,1,146,59
79.0,1,145,60
80.0,1,145,60
81.0,1,144,61
82.0,1,144,61
83.0,1,141,64
84.0,1,139,66
85.0,1,139,66
86.0,1,139,66
87.0,1,137,68
88.0,1,132,73
89.0,1,130,75
90.0,1,128,77
91.0,1,126,79
92.0,1,126,79
93.0,1,123,82
94.0,1,121,84
95.0,1,118,87
96.0,1,117,88
97.0,1,116,89
98.0,1,116,89
99.0,1,115,90
100.0,1,114,91
101.0,1,111,94
102.0,1,107,98
103.0,1,102,103
104.0,1,101,104
105.0,1,97,108
106.0,1,94,111
107.0,1,94,111
108.0,1,90,115
109.0,1,85,120
110.0,1,81,124
111.0,1,80,125
112.0,1,78,127
113.0,1,76,129
114.0,1,75,130
115.0,1,74,131
116.0,1,71,134
117.0,1,70,135
118.0,1,68,137
119.0,1,67,138
120.0,1,65,140
121.0,1,63,142
122.0,1,62,143
123.0,1,60,145
124.0,1,59,146
125.0,1,59,146
126.0,1,57,148
127.0,1,56,149
128.0,1,54,151
129.0,1,51,154
130.0,1,50,155
131.0,1,50,155
132.0,1,49,156
133.0,1,48,157
134.0,1,48,157
135.0,1,48,157
136.0,1,48,157
137.0,1,46,159
138.0,1,45,160
139.0,1,44,161
140.0,1,43,162
141.0,1,42,163
142.0,1,39,166
143.0,1,37,168
144.0,1,35,170
145.0,1,31,174
146.0,1,28,177
147.0,1,28,177
148.0,1,26,179
149.0,1,26,179
150.0,1,26,179
151.0,1,25,180
152.0,1,25,180
153.0,1,25,180
154.0,1,25,180
155.0,1,25,180
156.0,1,24,181
157.0,1,24,181
158.0,1,24,181
159.0,1,22,183
160.0,1,22,183
161.0,1,22,183
162.0,1,22,183
163.0,1,22,183
164.0,1,21,184
165.0,1,20,185
166.0,1,20,185
167.0,1,20,185
168.0,1,19,186
169.0,1,17,188
170.0,1,16,189
171.0,1,15,190
172.0,1,14,191
173.0,1,14,191
174.0,1,14,191
175.0,1,14,191
176.0,1,14,191
177.0,1,13,192
178.0,1,13,192
179.0,1,12,193
180.0,1,12,193
181.0,1,11,194
182.0,1,11,194
183.0,1,11,194
184.0,1,11,194
185.0,1,10,195
186.0,1,10,195
187.0,1,10,195
188.0,1,10,195
189.0,1,9,196
190.0,1,9,196
191.0,1,9,196
192.0,1,9,196
193.0,1,8,197
194.0,1,8,197
195.0,1,8,197
196.0,1,7,198
197.0,1,6,199
198.0,1,6,199
199.0,1,6,199
200.0,1,6,199
201.0,1,5,200
202.0,1,4,201
203.0,1,3,202
204.0,1,3,202
205.0,1,3,202
206.0,1,3,202
207.0,1,3,202
208.0,1,3,202
209.0,1,3,202
210.0,1,3,202
211.0,1,3,202
212.0,1,3,202
213.0,1,3,202
214.0,1,3,202
215.0,1,3,202
216.0,1,2,203
217.0,1,2,203
218.0,1,2,203
219.0,1,2,203
220.0,1,2,203
221.0,1,2,203
222.0,1,2,203
223.0,1,2,203
224.0,1,2,203
225.0,1,2,203
226.0,1,2,203
227.0,1,2,203
228.0,1,2,203
229.0,1,2,203
230.0,1,2,203
231.0,1,2,203
232.0,1,2,203
233.0,1,2,203
234.0,1,2,203
235.0,1,2,203
236.0,1,1,204
237.0,1,1,204
238.0,1,1,204
239.0,1,1,204
240.0,1,1,204
241.0,1,1,204
242.0,1,0,205
243.0,1,0,205
244.0,1,0,205
245.0,1,0,205
246.0,1,0,205
247.0,1,0,205
248.0,1,0,205
249.0,1,0,205
250.0,1,0,205
251.0,1,0,205
252.0,1,0,205
253.0,1,0,205
254.0,1,0,205
255.0,1,0,205
256.0,1,0,205
257.0,1,0,205
258.0,1,0,205
259.0,1,0,205
260.0,1,0,205
261.0,1,0,205
262.0,1,0,205
263.0,1,0,205
264.0,1,0,205
265.0,1,0,205
266.0,1,0,205
267.0,1,0,205
268.0,1,0,205
269.0,1,0,205
270.0,1,0,205
271.0,1,0,205
272.0,1,0,205
273.0,1,0,205
274.0,1,0,205
275.0,1,0,205
276.0,1,0,205
277.0,1,0,205
278.0,1,0,205
279.0,1,0,205
280.0,1,0,205
281.0,1,0,205
282.0,1,0,205
283.0,1,0,205
284.0,1,0,205
285.0,1,0,205
286.0,1,0,205
287.0,1,0,205
288.0,1,0,205
289.0,1,0,205
290.0,1,0,205
291.0,1,0,205
292.0,1,0,205
293.0,1,0,205
294.0,1,0,205
295.0,1,0,205
296.0,1,0,205
297.0,1,0,205
298.0,1,0,205
299.0,1,0,205
300.0,1,0,205
301.0,1,0,205
302.0,1,0,205
303.0,1,0,205
304.0,1,0,205
305.0,1,0,205
306.0,1,0,205
307.0,1,0,205
308.0,1,0,205
309.0,1,0,205
310.0,1,0,205
311.0,1,0,205
312.0,1,0,205
313.0,1,0,205
314.0,1,0,205
315.0,1,0,205
316.0,1,0,205
317.0,1,0,205
318.0,1,0,205
319.0,1,0,205
320.0,1,0,205
321.0,1,0,205
322.0,1,0,205
323.0,1,0,205
324.0,1,0,205
325.0,1,0,205
326.0,1,0,205
327.0,1,0,205
328.0,1,0,205
329.0,1,0,205
330.0,1,0,205
331.0,1,0,205
332.0,1,0,205
333.0,1,0,205
334.0,1,0,205
335.0,1,0,205
336.0,1,0,205
337.0,1,0,205
338.0,1,0,205
339.0,1,0,205
340.0,1,0,205
341.0,1,0,205
342.0,1,0,205
343.0,1,0,205
344.0,1,0,205
345.0,1,0,205
346.0,1,0,205
347.0,1,0,205
348.0,1,0,205
349.0,1,0,205
350.0,1,0,205
351.0,1,0,205
352.0,1,0,205
353.0,1,0,205
354.0,1,0,205
355.0,1,0,205
356.0,1,0,205
357.0,1,0,205
358.0,1,0,205
359.0,1,0,205
360.0,1,0,205
361.0,1,0,205
362.0,1,0,205
363.0,1,0,205
364.0,1,0,205
365.0,1,0,205
366.0,1,0,205
367.0,1,0,205
368.0,1,0,205
369.0,1,0,205
370.0,1,0,205
371.0,1,0,205
372.0,1,0,205
373.0,1,0,205
374.0,1,0,205
375.0,1,0,205
376.0,1,0,205
377.0,1,0,205
378.0,1,0,205
379.0,1,0,205
380.0,1,0,205
381.0,1,0,205
382.0,1,0,205
383.0,1,0,205
384.0,1,0,205
385.0,1,0,205
386.0,1,0,205
387.0,1,0,205
388.0,1,0,205
389.0,1,0,205
390.0,1,0,205
391.0,1,0,205
392.0,1,0,205
393.0,1,0,205
394.0,1,0,205
395.0,1,0,205
396.0,1,0,205
397.0,1,0,205
398.0,1,0,205
399.0,1,0,205
400.0,1,0,205
401.0,1,0,205
402.0,1,0,205
403.0,1,0,205
404.0,1,0,205
405.0,1,0,205
406.0,1,0,205
407.0,1,0,205
408.0,1,0,205
409.0,1,0,205
410.0,1,0,205
411.0,1,0,205
412.0,1,0,205
413.0,1,0,205
414.0,1,0,205
415.0,1,0,205
416.0,1,0,205
417.0,1,0,205
418.0,1,0,205
419.0,1,0,205
420.0,1,0,205
421.0,1,0,205
422.0,1,0,205
423.0,1,0,205
424.0,1,0,205
425.0,1,0,205
426.0,1,0,205
427.0,1,0,205
428.0,1,0,205
429.0,1,0,205
430.0,1,0,205
431.0,1,0,205
432.0,1,0,205
433.0,1,0,205
434.0,1,0,205
435.0,1,0,205
436.0,1,0,205
437.0,1,0,205
438.0,1,0,205
439.0,1,0,205
440.0,1,0,205
441.0,1,0,205
442.0,1,0,205
443.0,1,0,205
444.0,1,0,205
445.0,1,0,205
446.0,1,0,205
447.0,1,0,205
448.0,1,0,205
449.0,1,0,205
450.0,1,0,205
451.0,1,0,205
452.0,1,0,205
453.0,1,0,205
454.0,1,0,205
455.0,1,0,205
456.0,1,0,205
457.0,1,0,205
458.0,1,0,205
459.0,1,0,205
460.0,1,0,205
461.0,1,0,205
462.0,1,0,205
463.0,1,0,205
464.0,1,0,205
465.0,1,0,205
466.0,1,0,205
467.0,1,0,205
468.0,1,0,205
469.0,1,0,205
470.0,1,0,205
471.0,1,0,205
472.0,1,0,205
473.0,1,0,205
474.0,1,0,205
475.0,1,0,205
476.0,1,0,205
477.0,1,0,205
478.0,1,0,205
479.0,1,0,205
480.0,1,0,205
481.0,1,0,205
482.0,1,0,205
483.0,1,0,205
484.0,1,0,205
485.0,1,0,205
486.0,1,0,205
487.0,1,0,205
488.0,1,0,205
489.0,1,0,205
490.0,1,0,205
491.0,1,0,205
492.0,1,0,205
493.0,1,0,205
494.0,1,0,205
495.0,1,0,205
496.0,1,0,205
497.0,1,0,205
498.0,1,0,205
499.0,1,0,205
500.0,1,0,205
501.0,1,0,205
502.0,1,0,205
503.0,1,0,205
504.0,1,0,205
505.0,1,0,205
506.0,1,0,205
507.0,1,0,205
508.0,1,0,205
509.0,1,0,205
510.0,1,0,205
511.0,1,0,205
512.0,1,0,205
513.0,1,0,205
514.0,1,0,205
515.0,1,0,205
516.0,1,0,205
517.0,1,0,205
518.0,1,0,205
519.0,1,0,205
520.0,1,0,205
521.0,1,0,205
522.0,1,0,205
523.0,1,0,205
524.0,1,0,205
525.0,1,0,205
526.0,1,0,205
527.0,1,0,205
528.0,1,0,205
529.0,1,0,205
530.0,1,0,205
531.0,1,0,205
532.0,1,0,205
533.0,1,0,205
534.0,1,0,205
535.0,1,0,205
536.0,1,0,205
537.0,1,0,205
538.0,1,0,205
539.0,1,0,205
540.0,1,0,205
541.0,1,0,205
542.0,1,0,205
543.0,1,0,205
544.0,1,0,205
545.0,1,0,205
546.0,1,0,205
547.0,1,0,205
548.0,1,0,205
549.0,1,0,205
550.0,1,0,205
551.0,1,0,205
552.0,1,0,205
553.0,1,0,205
554.0,1,0,205
555.0,1,0,205
556.0,1,0,205
557.0,1,0,205
558.0,1,0,205
559.0,1,0,205
560.0,1,0,205
561.0,1,0,205
562.0,1,0,205
563.0,1,0,205
564.0,1,0,205
565.0,1,0,205
566.0,1,0,205
567.0,1,0,205
568.0,1,0,205
569.0,1,0,205
570.0,1,0,205
571.0,1,0,205
572.0,1,0,205
573.0,1,0,205
574.0,1,0,205
575.0,1,0,205
576.0,1,0,205
577.0,1,0,205
578.0,1,0,205
579.0,1,0,205
580.0,1,0,205
581.0,1,0,205
582.0,1,0,205
583.0,1,0,205
584.0,1,0,205
585.0,1,0,205
586.0,1,0,205
587.0,1,0,205
588.0,1,0,205
589.0,1,0,205
590.0,1,0,205
591.0,1,0,205
592.0,1,0,205
593.0,1,0,205
594.0,1,0,205
595.0,1,0,205
596.0,1,0,205
597.0,1,0,205
598.0,1,0,205
599.0,1,0,205
600.0,1,0,205
601.0,1,0,205
602.0,1,0,205
603.0,1,0,205
604.0,1,0,205
605.0,1,0,205
606.0,1,0,205
607.0,1,0,205
608.0,1,0,205
609.0,1,0,205
610.0,1,0,205
611.0,1,0,205
612.0,1,0,205
613.0,1,0,205
614.0,1,0,205
615.0,1,0,205
616.0,1,0,205
617.0,1,0,205
618.0,1,0,205
619.0,1,0,205
620.0,1,0,205
621.0,1,0,205
622.0,1,0,205
623.0,1,0,205
624.0,1,0,205
625.0,1,0,205
626.0,1,0,205
627.0,1,0,205
628.0,1,0,205
629.0,1,0,205
630.0,1,0,205
631.0,1,0,205
632.0,1,0,205
633.0,1,0,205
634.0,1,0,205
635.0,1,0,205
636.0,1,0,205
637.0,1,0,205
638.0,1,0,205
639.0,1,0,205
640.0,1,0,205
641.0,1,0,205
642.0,1,0,205
643.0,1,0,205
644.0,1,0,205
645.0,1,0,205
646.0,1,0,205
647.0,1,0,205
648.0,1,0,205
649.0,1,0,205
650.0,1,0,205
651.0,1,0,205
652.0,1,0,205
653.0,1,0,205
654.0,1,0,205
655.0,1,0,205
656.0,1,0,205
657.0,1,0,205
658.0,1,0,205
659.0,1,0,205
660.0,1,0,205
661.0,1,0,205
662.0,1,0,205
663.0,1,0,205
664.0,1,0,205
665.0,1,0,205
666.0,1,0,205
667.0,1,0,205
668.0,1,0,205
669.0,1,0,205
670.0,1,0,205
671.0,1,0,205
672.0,1,0,205
673.0,1,0,205
674.0,1,0,205
675.0,1,0,205
676.0,1,0,205
677.0,1,0,205
678.0,1,0,205
679.0,1,0,205
680.0,1,0,205
681.0,1,0,205
682.0,1,0,205
683.0,1,0,205
684.0,1,0,205
685.0,1,0,205
686.0,1,0,205
687.0,1,0,205
688.0,1,0,205
689.0,1,0,205
690.0,1,0,205
691.0,1,0,205
692.0,1,0,205
693.0,1,0,205
694.0,1,0,205
695.0,1,0,205
696.0,1,0,205
697.0,1,0,205
698.0,1,0,205
699.0,1,0,205
700.0,1,0,205
701.0,1,0,205
702.0,1,0,205
703.0,1,0,205
704.0,1,0,205
705.0,1,0,205
706.0,1,0,205
707.0,1,0,205
708.0,1,0,205
709.0,1,0,205
710.0,1,0,205
711.0,1,0,205
712.0,1,0,205
713.0,1,0,205
714.0,1,0,205
715.0,1,0,205
716.0,1,0,205
717.0,1,0,205
718.0,1,0,205
719.0,1,0,205
720.0,1,0,205
721.0,1,0,205
722.0,1,0,205
723.0,1,0,205
724.0,1,0,205
725.0,1,0,205
726.0,1,0,205
727.0,1,0,205
728.0,1,0,205
729.0,1,0,205
730.0,1,0,205
731.0,1,0,205
732.0,1,0,205
733.0,1,0,205
734.0,1,0,205
735.0,1,0,205
736.0,1,0,205
737.0,1,0,205
738.0,1,0,205
739.0,1,0,205
740.0,1,0,205
741.0,1,0,205
742.0,1,0,205
743.0,1,0,205
744.0,1,0,205
745.0,1,0,205
746.0,1,0,205
747.0,1,0,205
748.0,1,0,205
749.0,1,0,205
750.0,1,0,205
751.0,1,0,205
752.0,1,0,205
753.0,1,0,205
754.0,1,0,205
755.0,1,0,205
756.0,1,0,205
757.0,1,0,205
758.0,1,0,205
759.0,1,0,205
760.0,1,0,205
761.0,1,0,205
762.0,1,0,205
763.0,1,0,205
764.0,1,0,205
765.0,1,0,205
766.0,1,0,205
767.0,1,0,205
768.0,1,0,205
769.0,1,0,205
770.0,1,0,205
771.0,1,0,205
772.0,1,0,205
773.0,1,0,205
774.0,1,0,205
775.0,1,0,205
776.0,1,0,205
777.0,1,0,205
778.0,1,0,205
779.0,1,0,205
780.0,1,0,205
781.0,1,0,205
782.0,1,0,205
783.0,1,0,205
784.0,1,0,205
785.0,1,0,205
786.0,1,0,205
787.0,1,0,205
788.0,1,0,205
789.0,1,0,205
790.0,1,0,205
791.0,1,0,205
792.0,1,0,205
793.0,1,0,205
794.0,1,0,205
795.0,1,0,205
796.0,1,0,205
797.0,1,0,205
798.0,1,0,205
799.0,1,0,205
800.0,1,0,205
801.0,1,0,205
802.0,1,0,205
803.0,1,0,205
804.0,1,0,205
805.0,1,0,205
806.0,1,0,205
807.0,1,0,205
808.0,1,0,205
809.0,1,0,205
810.0,1,0,205
811.0,1,0,205
812.0,1,0,205
813.0,1,0,205
814.0,1,0,205
815.0,1,0,205
816.0,1,0,205
817.0,1,0,205
818.0,1,0,205
819.0,1,0,205
820.0,1,0,205
821.0,1,0,205
822.0,1,0,205
823.0,1,0,205
824.0,1,0,205
825.0,1,0,205
826.0,1,0,205
827.0,1,0,205
828.0,1,0,205
829.0,1,0,205
830.0,1,0,205
831.0,1,0,205
832.0,1,0,205
833.0,1,0,205
834.0,1,0,205
835.0,1,0,205
836.0,1,0,205
837.0,1,0,205
838.0,1,0,205
839.0,1,0,205
840.0,1,0,205
841.0,1,0,205
842.0,1,0,205
843.0,1,0,205
844.0,1,0,205
845.0,1,0,205
846.0,1,0,205
847.0,1,0,205
848.0,1,0,205
849.0,1,0,205
850.0,1,0,205
851.0,1,0,205
852.0,1,0,205
853.0,1,0,205
854.0,1,0,205
855.0,1,0,205
856.0,1,0,205
857.0,1,0,205
858.0,1,0,205
859.0,1,0,205
860.0,1,0,205
861.0,1,0,205
862.0,1,0,205
863.0,1,0,205
864.0,1,0,205
865.0,1,0,205
866.0,1,0,205
867.0,1,0,205
868.0,1,0,205
869.0,1,0,205
870.0,1,0,205
871.0,1,0,205
872.0,1,0,205
873.0,1,0,205
874.0,1,0,205
875.0,1,0,205
876.0,1,0,205
877.0,1,0,205
878.0,1,0,205
879.0,1,0,205
880.0,1,0,205
881.0,1,0,205
882.0,1,0,205
883.0,1,0,205
884.0,1,0,205
885.0,1,0,205
886.0,1,0,205
887.0,1,0,205
888.0,1,0,205
889.0,1,0,205
890.0,1,0,205
891.0,1,0,205
892.0,1,0,205
893.0,1,0,205
894.0,1,0,205
895.0,1,0,205
896.0,1,0,205
897.0,1,0,205
898.0,1,0,205
899.0,1,0,205
900.0,1,0,205
901.0,1,0,205
902.0,1,0,205
903.0,1,0,205
904.0,1,0,205
905.0,1,0,205
906.0,1,0,205
907.0,1,0,205
908.0,1,0,205
909.0,1,0,205
910.0,1,0,205
911.0,1,0,205
912.0,1,0,205
913.0,1,0,205
914.0,1,0,205
915.0,1,0,205
916.0,1,0,205
917.0,1,0,205
918.0,1,0,205
919.0,1,0,205
920.0,1,0,205
921.0,1,0,205
922.0,1,0,205
923.0,1,0,205
924.0,1,0,205
925.0,1,0,205
926.0,1,0,205
927.0,1,0,205
928.0,1,0,205
929.0,1,0,205
930.0,1,0,205
931.0,1,0,205
932.0,1,0,205
933.0,1,0,205
934.0,1,0,205
